14016806666,
37034737894,
32436417806,
41519696833,
52574586832,
54289485820,
43431161820,
57263128802,
42500441814,
48536276851,
19480176874,
41176700855,
13219971830,
45745414820,
43687371808,
40841764867,
62992254320,
00142217565,
49397965824,
48817772895,
48326123870,
49492614871,
15467343840,
32939877882,
12771518813,
00139450840,
47232879814,
53123823881,
44041865840,
49065891897,
46961618898,
42798644895,
47707228855,
42796303802,
65491564591,
10223342807,
50448037823,
06428672839,
24489070802,
40571013813,
37116453806,
77241487672,
23569017877,
35627230835,
50845912801,
34166819836,
38662783813,
37060113878,
41962096882,
31766925871,
70652086217,
11693094886,
37945567800,
30752375822,
37177608826,
42705934820,
14846785831,
45563609863,
05079377321,
50056992874,
54181904822,
44403994873,
48666965835,
22779377895,
51460821890,
54060440876,
45491158828,
49021994836,
39178751870,
24284636839,
70441601235,
31710668822,
07062261513,
43141903883,
43404577876,
38159806825,
25093883808,
38054109806,
52097635873,
51837547807,
48119995848,
01866912542,
47013811874,
43306182818,
44786427888,
38565517861,
45000791819,
42254297848,
31774158892,
34513007885,
23938946830,
36271919863,
30394054890,
70653447205,
50575266856,
46066280813,
13276412837,
41376106817,
47861936821,
40241279852,
55650655855,
32749212898,
17604417833,
34175900861,
36817079870,
47977077809,
49436736860,
44801731880,
24167230810,
44962449850,
55369382824,
49482061802,
16836761818,
39776922830,
50192224883,
39596962809,
37800184897,
20609975854,
22884047875,
41266859870,
11574370448,
85285005434,
52690192802,
26071511801,
90158069854,
44887151845,
40035434830,
43133106813,
52927735816,
40584988893,
22904918884,
48232471832,
51098508874,
52386825817,
45359451874,
39309777885,
40286114828,
47179029807,
33909188842,
42736248856,
18213279859,
47510040850,
40058544860,
58330817857,
43220242898,
40166184870,
35241976809,
38886800851,
30095694838,
00073872105,
00073872105,
45438958866,
35882100836,
11953068812,
70437643190,
54384116896,
44178400835,
24746062897,
49383344881,
52244303802,
44662333814,
42312253895,
49646407870,
48752108848,
22863403826,
46794986841,
47345860809,
39921656805,
40612275809,
40676981860,
26754931809,
90050511831,
36791670835,
37718640892,
38281307803,
01308359438,
10305608894,
05338911590,
48518111870,
48425161860,
35403269878,
13438125420,
05811181620,
90003368807,
24004519829,
27118425842,
27118425842,
49444810801,
51467947822,
05608617614,
24060189898,
52646228848,
07102995830,
09212466508,
48661612802,
42267147840,
05231573396,
51757129855,
35229191813,
49547301802